               4000                500              -4500         3.14159265                  0                  0
         3943.92955                500        -4498.42682         3.08549278                  0     -0.00623331876
         3888.03552                500        -4493.71221         3.02939292                  0      -0.0124666375
         3835.27309                500        -4473.52612         2.97397385                  0       -0.018699027
         3781.28882                500        -4460.99852         2.91781683                  0      -0.0249324248
         3728.09191                500        -4445.46371         2.86155758                  0      -0.0311659611
         3675.84974                500        -4426.97056         2.80519602                  0      -0.0373996357
         3624.44846                500        -4406.95779         2.74900903                  0      -0.0436330731
          3574.2287                500        -4384.22081         2.69283685                  0      -0.0498664907
         3525.34134                500        -4358.83017         2.63669383                  0      -0.0560998688
         3477.93308                500        -4330.86475         2.58059397                  0      -0.0623331876
         3432.16743                500        -4300.28512          2.5244941                  0      -0.0685665063
         3388.18839                500         -4267.1875         2.46839423                  0      -0.0747998251
         3346.13433                500        -4231.67602         2.41229436                  0      -0.0810331438
         3306.13758                500        -4193.86242         2.35619449                  0      -0.0872664626
         3268.32398                500        -4153.86567         2.30009462                  0      -0.0934997814
          3232.8125                500        -4111.81161         2.24399475                  0      -0.0997331001
         3199.71488                500        -4067.83257         2.18789488                  0       -0.105966419
         3169.13525                500        -4022.06692         2.13179501                  0       -0.112199738
         3141.16983                500        -3974.65866         2.07569515                  0       -0.118433056
         3115.90202                500        -3925.75844         2.01974333                  0       -0.124591719
         3093.39297                500        -3875.52263          1.9642517                  0       -0.130526302
         3073.67224                500        -3824.11173         1.90970689                  0       -0.136012615
         3056.72848                500        -3771.68844         1.85677417                  0       -0.140751791
         3042.50034                500        -3718.41499         1.80629483                  0       -0.144370421
         3030.86747                500        -3664.45017         1.75927836                  0       -0.146420623
         3021.64173                500        -3609.94576         1.71689177                  0       -0.146379935
         3014.57238                500        -3555.03793         1.67995972                  0       -0.143875115
         3009.36518                500        -3499.84433         1.64895998                  0       -0.138681779
          3005.7017         499.979754        -3444.50264         1.62403154    -0.000479316316       -0.130780268
         3003.25864         499.898769        -3389.16977         1.60498648     -0.00191749126       -0.120356278
         3001.72723         499.696307        -3334.02212         1.59131846     -0.00479483867       -0.107802066
          3000.8325         499.291383        -3279.25696         1.58220515      -0.0095932636      -0.0937175115
         3000.35253         498.582766        -3225.09484         1.57650536      -0.0167971499      -0.0789100818
         3000.12371          497.44898        -3171.78763         1.57324509      -0.0268939217      -0.0641699568
         3000.03209         495.748299         -3119.6215         1.57161319      -0.0403736276      -0.0502688104
         3000.00459         493.379495        -3068.79807          1.5709598      -0.0562797713      -0.0377891818
               3000         490.281827        -3019.43635         1.57079633      -0.0736468394      -0.0271240884
               3000          486.43505        -2971.57434         1.57079633       -0.091501838      -0.0184777061
               3000          481.85941        -2925.17007         1.57079633       -0.108868906      -0.0118665107
               3000         476.615646        -2880.10204         1.57079633        -0.12477505     -0.00712023748
               3000         470.804989         -2836.1678         1.57079633       -0.138254756     -0.00395600307
               3000         464.569161         -2793.0839         1.57079633       -0.148351528     -0.00197819301
               3000          458.02964        -2750.60739         1.57079633       -0.155555414    -0.000847880955
               3000         451.287658         -2708.5358         1.57079633       -0.160353839    -0.000282652292
               3000         444.424198        -2666.70716         1.57079633       -0.163231186   -5.65345259e-005
               3000              437.5              -2625         1.57079633       -0.164669361   -5.72160038e-017
               3000         430.555556        -2583.33333         1.57079633       -0.165148677   -5.72160038e-017
               3000         423.611111        -2541.66667         1.57079633       -0.165148677   -5.72160038e-017
               3000         416.666667              -2500         1.57079633       -0.165148677   -5.72160038e-017
               3000         409.722222        -2458.33333         1.57079633       -0.165148677   -5.72160038e-017
               3000         402.777778        -2416.66667         1.57079633       -0.165148677   -5.72160038e-017
               3000         395.833333              -2375         1.57079633       -0.165148677   -5.72160038e-017
               3000         388.888889        -2333.33333         1.57079633       -0.165148677   -5.72160038e-017
               3000         381.944444        -2291.66667         1.57079633       -0.165148677   -5.72160038e-017
               3000                375              -2250         1.57079633       -0.165148677   -5.72160038e-017
               3000         368.055556        -2208.33333         1.57079633       -0.165148677   -5.72160038e-017
               3000         361.111111        -2166.66667         1.57079633       -0.165148677   -5.72160038e-017
               3000         354.166667              -2125         1.57079633       -0.165148677   -5.72160038e-017
               3000         347.222222        -2083.33333         1.57079633       -0.165148677   -5.72160038e-017
               3000         340.277778        -2041.66667         1.57079633       -0.165148677   -5.72160038e-017
               3000         333.333333              -2000         1.57079633       -0.165148677   -5.72160038e-017
               3000         326.388889        -1958.33333         1.57079633       -0.165148677   -5.72160038e-017
               3000         319.444444        -1916.66667         1.57079633       -0.165148677   -5.72160038e-017
               3000              312.5              -1875         1.57079633       -0.165148677   -5.72160038e-017
               3000         305.555556        -1833.33333         1.57079633       -0.165148677   -5.72160038e-017
               3000         298.611111        -1791.66667         1.57079633       -0.165148677   -5.72160038e-017
               3000         291.666667              -1750         1.57079633       -0.165148677   -5.72160038e-017
               3000         284.722222        -1708.33333         1.57079633       -0.165148677   -5.72160038e-017
               3000         277.777778        -1666.66667         1.57079633       -0.165148677   -5.72160038e-017
               3000         270.833333              -1625         1.57079633       -0.165148677   -5.72160038e-017
               3000         263.888889        -1583.33333         1.57079633       -0.165148677   -5.72160038e-017
               3000         256.944444        -1541.66667         1.57079633       -0.165148677   -5.72160038e-017
               3000                250              -1500         1.57079633       -0.165148677   -5.72160038e-017
               3000         243.055556        -1458.33333         1.57079633       -0.165148677   -5.72160038e-017
               3000         236.111111        -1416.66667         1.57079633       -0.165148677   -5.72160038e-017
               3000         229.166667              -1375         1.57079633       -0.165148677   -5.72160038e-017
               3000         222.222222        -1333.33333         1.57079633       -0.165148677   -5.72160038e-017
               3000         215.277778        -1291.66667         1.57079633       -0.165148677   -5.72160038e-017
               3000         208.333333              -1250         1.57079633       -0.165148677   -5.72160038e-017
               3000         201.388889        -1208.33333         1.57079633       -0.165148677   -5.72160038e-017
               3000         194.444444        -1166.66667         1.57079633       -0.165148677   -5.72160038e-017
               3000              187.5              -1125         1.57079633       -0.165148677   -5.72160038e-017
               3000         180.555556        -1083.33333         1.57079633       -0.165148677   -5.72160038e-017
               3000         173.611111        -1041.66667         1.57079633       -0.165148677   -5.72160038e-017
               3000         166.666667              -1000         1.57079633       -0.165148677   -5.72160038e-017
               3000         159.722222        -958.333333         1.57079633       -0.165148677   -5.72160038e-017
               3000         152.777778        -916.666667         1.57079633       -0.165148677   -5.72160038e-017
               3000         145.833333               -875         1.57079633       -0.165148677   -5.72160038e-017
               3000         138.888889        -833.333333         1.57079633       -0.165148677   -5.72160038e-017
               3000         131.944444        -791.666667         1.57079633       -0.165148677   -5.72160038e-017
               3000                125               -750         1.57079633       -0.165148677   -5.72160038e-017
               3000         118.055556        -708.333333         1.57079633       -0.165148677   -5.72160038e-017
               3000         111.111111        -666.666667         1.57079633       -0.165148677   -5.72160038e-017
               3000         104.166667               -625         1.57079633       -0.165148677   -5.72160038e-017
               3000         97.2222222        -583.333333         1.57079633       -0.165148677   -5.72160038e-017
               3000         90.2777778        -541.666667         1.57079633       -0.165148677   -5.72160038e-017
               3000         83.3333333               -500         1.57079633       -0.165148677   -5.72160038e-017
               3000         76.3888889        -458.333333         1.57079633       -0.165148677   -5.72160038e-017
               3000         69.4444444        -416.666667         1.57079633       -0.165148677   -5.72160038e-017
               3000               62.5               -375         1.57079633       -0.165148677   -5.72160038e-017
               3000         55.5758017        -333.414318         1.57079633       -0.164669361   -5.72160038e-017
               3000         48.7123421        -292.071591         1.57079633       -0.163231186   -5.72160038e-017
               3000         41.9703596        -251.214772         1.57079633       -0.160353839   -5.72160038e-017
               3000          35.430839          -211.1678         1.57079633       -0.155555414   -5.72160038e-017
               3000         29.1950113        -172.335601         1.57079633       -0.148351528   -5.72160038e-017
               3000         23.3843537        -135.204082         1.57079633       -0.138254756   -5.72160038e-017
               3000         18.1405896        -100.340136         1.57079633        -0.12477505   -5.72160038e-017
               3000         13.5649498         -68.148688         1.57079633       -0.108868906   -5.72160038e-017
               3000         9.71817298        -38.8726919         1.57079633       -0.091501838   -5.72160038e-017
               3000         6.62050534        -12.5931325         1.57079633      -0.0736468394   -5.72160038e-017
               3000         4.25170068         10.7709751         1.57079633      -0.0562797713   -5.72160038e-017
               3000         2.55102041          31.462585         1.57079633      -0.0403736276   -5.72160038e-017
               3000         1.41723356         49.8866213         1.57079633      -0.0268939217   -5.72160038e-017
               3000         0.70861678         66.6099773         1.57079633      -0.0167971499   -5.72160038e-017
               3000        0.303692906         82.1185617         1.57079633      -0.0095932636   -5.72160038e-017
               3000        0.101230969         96.8172983         1.57079633     -0.00479483867   -5.72160038e-017
               3000       0.0202461937         111.030126         1.57079633     -0.00191749126   -5.72160038e-017
               3000   -1.32444936e-014                125         1.57079633    -0.000479316316   -5.72160038e-017
               3000   -1.32444936e-014         138.888889         1.57079633    6.55642025e-017   -5.72160038e-017
               3000   -1.32444936e-014         152.777778         1.57079633    6.55642025e-017   -5.72160038e-017
               3000   -1.32444936e-014         166.666667         1.57079633    6.55642025e-017   -5.72160038e-017
               3000   -1.32444936e-014         180.555556         1.57079633    6.55642025e-017   -5.72160038e-017
               3000   -1.32444936e-014         194.444444         1.57079633    6.55642025e-017   -5.72160038e-017
               3000   -1.32444936e-014         208.333333         1.57079633    6.55642025e-017   -5.72160038e-017
               3000   -1.32444936e-014         222.222222         1.57079633    6.55642025e-017   -5.72160038e-017
               3000   -1.32444936e-014         236.111111         1.57079633    6.55642025e-017   -5.72160038e-017
               3000   -1.32444936e-014                250         1.57079633    6.55642025e-017   -5.72160038e-017
               3000   -1.32444936e-014         263.888889         1.57079633    6.55642025e-017   -5.72160038e-017
               3000   -1.32444936e-014         277.777778         1.57079633    6.55642025e-017   -5.72160038e-017
               3000   -1.32444936e-014         291.666667         1.57079633    6.55642025e-017   -5.72160038e-017
               3000   -1.32444936e-014         305.555556         1.57079633    6.55642025e-017   -5.72160038e-017
               3000   -1.32444936e-014         319.444444         1.57079633    6.55642025e-017   -5.72160038e-017
               3000   -1.32444936e-014         333.333333         1.57079633    6.55642025e-017   -5.72160038e-017
               3000   -1.32444936e-014         347.222222         1.57079633    6.55642025e-017   -5.72160038e-017
               3000   -1.32444936e-014         361.111111         1.57079633    6.55642025e-017   -5.72160038e-017
               3000   -1.29208134e-014                375         1.57079633    6.50786822e-017   -5.59415131e-017
               3000   -1.22734531e-014         388.888889         1.57079633    6.41076417e-017   -5.33925317e-017
               3000   -1.13024125e-014         402.777778         1.57079633    6.26510809e-017   -4.95690595e-017
               3000    -9.3413658e-015         416.666667         1.57079633    5.55098869e-017   -4.02670474e-017
               3000   -7.38031907e-015         430.555556         1.57079633    4.83686928e-017   -3.09650353e-017
               3000   -5.41927235e-015         444.444444         1.57079633    4.12274988e-017   -2.16630232e-017
               3000                  0         458.333333         1.57079633                  0                  0
               3000                  0         472.222222         1.57079633                  0                  0
               3000                  0         486.111111         1.57079633                  0                  0
               3000                  0                500         1.57079633                  0                  0
