                  0                  3                  0         5.43903132       0.0823604765                  0       0.0158903498         299.647262         6041.27544
                  0                  3                  0         5.43220096       0.0828851717                  0       0.0159913472         297.754683         6003.11862
                  0                  3                  0         5.42565114       0.0834442167                  0       0.0160989516         295.764424         5962.99242
                  0                  3                  0         5.42130118       0.0841759517                  0       0.0162338508          293.30659         5913.43932
                  0                  3                  0         5.41581994       0.0848219883                  0       0.0163566471         291.104517         5869.04268
                  0                  3                  0         5.41069963         0.08550093                  0       0.0164858531         288.822916         5823.04267
                  0                  3                  0         5.40595826       0.0862122647                  0       0.0166214182         286.467155         5775.54748
                  0                  3                  0         5.40136829        0.086940027                  0       0.0167606796         284.086842          5727.5573
                  0                  3                  0         5.39715097       0.0876975725                  0       0.0169059554         281.645519         5678.33708
                  0                  3                  0         5.39332563       0.0884843714                  0       0.0170571404         279.149051         5628.00507
                  0                  3                  0         5.38991168       0.0892997574                  0       0.0172141025         276.603582         5576.68512
                  0                  3                  0         5.38695589        0.090144834                  0       0.0173769474         274.011313         5524.42163
                  0                  3                  0         5.38448156       0.0910187412                  0       0.0175454797         271.379177         5471.35437
                  0                  3                  0         5.38251196       0.0919204139                  0       0.0177194645         268.714407         5417.62918
                  0                  3                  0         5.38107022       0.0928485584                  0       0.0178986231         266.024534         5363.39787
                  0                  3                  0         5.38017666       0.0938014288                  0       0.0180826279         263.317382         5308.81819
                  0                  3                  0         5.37985097           0.094777                  0       0.0182710978         260.601064         5254.05371
                  0                  3                  0         5.38011183       0.0957729478                  0       0.0184635931         257.883972         5199.27362
                  0                  3                  0         5.38097635       0.0967866483                  0       0.0186596109         255.174765         5144.65252
                  0                  3                  0         5.38245929       0.0978152005                  0       0.0188585804          252.48236         5090.37016
                  0                  3                  0         5.38457203       0.0988554781                  0       0.0190598649         249.815824         5036.60935
                  0                  3                  0         5.38732134       0.0999042159                  0       0.0192627831         247.184051         4983.54941
                  0                  3                  0         5.39070796        0.100958138                  0       0.0194666359         244.595401          4931.3589
                  0                  3                  0         5.39472503        0.102014132                  0       0.0196707404         242.057308         4880.18766
                  0                  3                  0         5.39935695        0.103069457                  0       0.0198744716         239.575842          4830.1581
                  0                  3                  0         5.40457895        0.104121926                  0       0.0200773133         237.155239         4781.35563
                  0                  3                  0         5.41035662        0.105169325                  0       0.0202789172          234.79739         4733.81835
                  0                  3                  0         5.41664614        0.106208748                  0       0.0204791472         232.501556         4687.53137
                  0                  3                  0         5.42339517        0.107235828                  0       0.0206780686         230.264751          4642.4345
                  0                  3                  0         5.43054435        0.108243855                  0       0.0208757983         228.083592         4598.45952
                  0                  3                  0         5.43802948        0.109222762                  0        0.021072464         225.954772         4555.53977
                  0                  3                  0         5.44578322        0.110157999                  0       0.0212681515         223.875616         4513.62128
                  0                  3                  0          5.4537361        0.111029392                  0       0.0214628386          221.84471          4472.6756
                  0                  3                  0         5.46182029         0.11181305                  0       0.0216563139          219.86262          4432.7141
                  0                  3                  0         5.46997287        0.112483416                  0        0.021848111         217.932369         4393.79776
                  0                  3                  0         5.47813855        0.113015465                  0       0.0220375038         216.059284         4356.03395
                  0                  3                  0         5.48627198         0.11338706                  0        0.022223915         214.246861         4319.49316
                  0                  3                  0         5.49433949        0.113581467                  0       0.0224069373         212.496724         4284.20814
                  0                  3                  0         5.50232107        0.113590008                  0         0.02258636          210.80854         4250.17218
                  0                  3                  0         5.51021278        0.113414772                  0       0.0227622001         209.179885         4217.33639
                  0                  3                  0         5.51802363        0.113066633                  0       0.0229347403         207.606069         4185.60623
                  0                  3                  0         5.52577252        0.112563147                  0       0.0231045591         206.080027         4154.83926
                  0                  3                  0          5.5334851        0.111926351                  0       0.0232725394         204.592417         4124.84712
                  0                  3                  0         5.54119077        0.111180454                  0        0.023439447         203.135424         4095.47225
                  0                  3                  0          5.5489195        0.110349434                  0       0.0236059249         201.702704         4066.58677
                  0                  3                  0          5.5566987         0.10945456                  0       0.0237724877         200.289335         4038.09143
                  0                  3                  0         5.56454974        0.108511855                  0        0.023939516         198.891765         4009.91462
                  0                  3                  0         5.57248858        0.107532764                  0       0.0241072515         197.507766         3982.01141
                  0                  3                  0         5.58052651        0.106524861                  0       0.0242757927         196.136382         3954.36255
                  0                  3                  0         5.58867093        0.105492582                  0       0.0244450903         194.777881          3926.9734
                  0                  3                  0         5.59692619        0.104437971                  0       0.0246150919         193.432533         3899.84945
                  0                  3                  0         5.60529454        0.103361467                  0       0.0247857418         192.100615         3872.99626
                  0                  3                  0         5.61377713         0.10226269                  0       0.0249569806         190.782408         3846.41951
                  0                  3                  0         5.62237505        0.101141267                  0       0.0251287456         189.478198         3820.12496
                  0                  3                  0         5.63108938       0.0999968279                  0       0.0253009703         188.188276         3794.11848
                  0                  3                  0         5.63992115       0.0988290062                  0       0.0254735843         186.912939         3768.40603
                  0                  3                  0         5.64887133       0.0976374424                  0       0.0256465135         185.652486         3742.99368
                  0                  3                  0         5.65794086       0.0964217839                  0       0.0258196798         184.407224         3717.88757
                  0                  3                  0         5.66713062       0.0951816858                  0       0.0259930009         183.177461         3693.09396
                  0                  3                  0         5.67644142       0.0939168126                  0       0.0261663906         181.963512         3668.61918
                  0                  3                  0         5.68587403       0.0926268394                  0       0.0263397582         180.765695         3644.46966
                  0                  3                  0         5.69542913       0.0913114528                  0       0.0265130091         179.584334         3620.65189
                  0                  3                  0         5.70510735       0.0899703527                  0       0.0266860439         178.419755         3597.17248
                  0                  3                  0         5.71490922       0.0886032533                  0       0.0268587594         177.272289         3574.03808
                  0                  3                  0         5.72483522       0.0872098851                  0       0.0270310475          176.14227         3551.25545
                  0                  3                  0         5.73488572       0.0857899959                  0       0.0272027959         175.030037         3528.83139
                  0                  3                  0           5.745061       0.0843433525                  0       0.0273738879          173.93593         3506.77279
                  0                  3                  0         5.75536126       0.0828697425                  0       0.0275442025         172.860294         3485.08658
                  0                  3                  0         5.76578658       0.0813689758                  0       0.0277136141         171.803476         3463.77975
                  0                  3                  0         5.77633694       0.0798408864                  0        0.027881993         170.765824         3442.85936
                  0                  3                  0         5.78701221       0.0782853338                  0       0.0280492051         169.747692         3422.33249
                  0                  3                  0         5.79781214       0.0767022053                  0       0.0282151121         168.749431         3402.20626
                  0                  3                  0         5.80873637       0.0750914171                  0        0.028379572         167.771396         3382.48783
                  0                  3                  0         5.81978441       0.0734529167                  0       0.0285424385         166.813944         3363.18435
                  0                  3                  0         5.83095561       0.0717866842                  0       0.0287035618          165.87743         3344.30303
                  0                  3                  0         5.84224922       0.0700927342                  0       0.0288627885         164.962212         3325.85105
                  0                  3                  0         5.85366433       0.0683711178                  0       0.0290199618         164.068646          3307.8356
                  0                  3                  0         5.86519988       0.0666219237                  0       0.0291749218         163.197087         3290.26384
                  0                  3                  0         5.87685468       0.0648452805                  0       0.0293275061         162.347889         3273.14293
                  0                  3                  0         5.88862737       0.0630413578                  0       0.0294775492         161.521406         3256.47997
                  0                  3                  0         5.90051643        0.061210368                  0       0.0296248839         160.717988         3240.28202
                  0                  3                  0         5.91252018       0.0593525676                  0        0.029769341         159.937983         3224.55611
                  0                  3                  0         5.92463679       0.0574682588                  0       0.0299107496         159.181734         3209.30915
                  0                  3                  0         5.93686425       0.0555577903                  0       0.0300489383         158.449582         3194.54803
                  0                  3                  0         5.94920038       0.0536215586                  0       0.0301837345         157.741862         3180.27948
                  0                  3                  0         5.96164284        0.051660009                  0       0.0303149657         157.058905         3166.51019
                  0                  3                  0          5.9741891       0.0496736364                  0         0.03044246         156.401035         3153.24668
                  0                  3                  0         5.98683647       0.0476629857                  0       0.0305660459          155.76857         3140.49537
                  0                  3                  0          5.9995821       0.0456286526                  0       0.0306855536         155.161821         3128.26251
                  0                  3                  0         6.01242294       0.0435712834                  0       0.0308008151          154.58109         3116.55422
                  0                  3                  0         6.02535579       0.0414915753                  0       0.0309116649         154.026671         3105.37643
                  0                  3                  0         6.03837728       0.0393902761                  0       0.0310179407          153.49885         3094.73488
                  0                  3                  0         6.05148387       0.0372681839                  0       0.0311194836         152.997903         3084.63513
                  0                  3                  0         6.06467185       0.0351261461                  0       0.0312161394         152.524093         3075.08251
                  0                  3                  0         6.07793736       0.0329650587                  0       0.0313077583         152.077674         3066.08214
                  0                  3                  0         6.09127639       0.0307858653                  0       0.0313941961         151.658889         3057.63889
                  0                  3                  0         6.10468477       0.0285895552                  0       0.0314753148         151.267967          3049.7574
                  0                  3                  0         6.11815819       0.0263771623                  0       0.0315509829         150.905124         3042.44202
                  0                  3                  0         6.13168841       0.0241507131                  0        0.031621076         150.570564         3035.69685
                  0                  3                  0         6.14525937       0.0219141914                  0       0.0316854774         150.264475          3029.5257
                  0                  3                  0         6.15884334       0.0196745116                  0       0.0317440788         149.987031         3023.93208
                  0                  3                  0         6.17239699       0.0174424946                  0       0.0317966826         149.738854         3018.92851
                  0                  3                  0         6.18585752       0.0152338401                  0       0.0318430619         149.520723         3014.53072
                  0                  3                  0         6.19913878       0.0130700882                  0       0.0318830206         149.333299         3010.75199
                  0                  3                  0         6.21212752       0.0109795681                  0       0.0319164536         149.176843         3007.59765
                  0                  3                  0         6.22469495      0.00899449091                  0       0.0319434008         149.050977         3005.06002
                  0                  3                  0         6.23670849      0.00714800773                  0       0.0319640932         148.954471         3003.11433
                  0                  3                  0         6.24804359      0.00547125537                  0       0.0319789837         148.885101         3001.71574
                  0                  3                  0         6.25859553      0.00399040573                  0       0.0319888204          148.83931         3000.79254
                  0                  3                  0          6.2682911      0.00272373041                  0       0.0319945042         148.812864         3000.25936
                  0                  3                  0         6.27710032      0.00167868704                  0       0.0319969646         148.801419         3000.02862
                  0                  3                  0      0.00186266168     0.000849029325                  0       0.0319970608         148.800972          3000.0196
                  0                  3                  0      0.00901666603     0.000217721023                  0       0.0319955102         148.808185         3000.16501
                  0                  3                  0       0.0154763562    -0.000240129245                  0        0.031992843         148.820592         3000.41517
                  0                  3                  0       0.0213607379    -0.000554328531                  0       0.0319893776         148.836717         3000.74027
                  0                  3                  0       0.0267967603    -0.000756666173                  0       0.0319852783         148.855796         3001.12491
                  0                  3                  0       0.0319076241    -0.000877991609                  0       0.0319806079         148.877538         3001.56326
                  0                  3                  0       0.0368011361    -0.000945304412                  0       0.0319753662         148.901947         3002.05539
                  0                  3                  0       0.0415581075    -0.000978854978                  0       0.0319695192         148.929185         3002.60454
                  0                  3                  0       0.0462361989    -0.000993106575                  0        0.031963024         148.959454          3003.2148
                  0                  3                  0        0.050873776    -0.000997699794                  0       0.0319558497         148.992902         3003.88915
                  0                  3                  0       0.0554937724    -0.000998417751                  0       0.0319479977         149.029527         3004.62756
                  0                  3                  0       0.0601075522    -0.000998151277                  0       0.0319394695         149.069327         3005.42997
                  0                  3                  0        0.064718772    -0.000997863725                  0       0.0319302666         149.112298         3006.29633
                  0                  3                  0        0.069327238    -0.000997555149                  0        0.031920391         149.158439         3007.22659
                  0                  3                  0       0.0739327572    -0.000997225608                  0       0.0319098443         149.207746         3008.22069
                  0                  3                  0       0.0785351374    -0.000996875165                  0       0.0318986288         149.260217         3009.27856
                  0                  3                  0       0.0831341869    -0.000996503886                  0       0.0318867464         149.315847         3010.40014
                  0                  3                  0       0.0877297151    -0.000996111842                  0       0.0318741994         149.374634         3011.58535
                  0                  3                  0       0.0923215322    -0.000995699107                  0       0.0318609903         149.436573         3012.83413
                  0                  3                  0       0.0969094494    -0.000995265758                  0       0.0318471214         149.501661         3014.14639
                  0                  3                  0        0.101493279    -0.000994811878                  0       0.0318325955         149.569893         3015.52204
                  0                  3                  0        0.106072833    -0.000994337551                  0       0.0318174152         149.641266         3016.96101
                  0                  3                  0        0.110647928    -0.000993842866                  0       0.0318015833         149.715775          3018.4632
                  0                  3                  0        0.115218377    -0.000993327916                  0        0.031785103         149.793415         3020.02852
                  0                  3                  0        0.119783997    -0.000992792796                  0       0.0317679771         149.874181         3021.65687
                  0                  3                  0        0.124344607    -0.000992237606                  0       0.0317502089         149.958068         3023.34814
                  0                  3                  0        0.128900024     -0.00099166245                  0       0.0317318018         150.045071         3025.10224
                  0                  3                  0         0.13345007    -0.000991067432                  0        0.031712759         150.135185         3026.91905
                  0                  3                  0        0.137994565    -0.000990452662                  0       0.0316930841         150.228404         3028.79846
                  0                  3                  0        0.142533332    -0.000989818254                  0       0.0316727807         150.324722         3030.74035
                  0                  3                  0        0.147066196    -0.000989164323                  0       0.0316518525         150.424133         3032.74461
                  0                  3                  0        0.151605487    -0.000988529561                  0       0.0316303034         150.526631         3034.81111
                  0                  3                  0        0.156126366    -0.000987836694                  0       0.0316081372          150.63221         3036.93971
                  0                  3                  0        0.160640819    -0.000987124666                  0        0.031585358         150.740863         3039.13031
                  0                  3                  0        0.165148677    -0.000986393604                  0       0.0315619699         150.852584         3041.38274
